;   AIRCRAFT.TXT   24 JUL 23

; Not all values used by program.
; Initial cruise speed is what is shown in flight plan.
; Define mach ^, mach v, if FL Max >= 290.

;            Equip not in use
;      guess |
;          | |      CLIMB        CRUISE       ^    CRUISE      v     DESCENT
;       CWT| |    -- IAS --  ----- IAS -----  ---- MACH ---------  --- IAS ----    Climb FPM     Descent FPM		 CRZ FL
;         vv v   30 100 abv  -         +  T       -      +  T       v  100 apch  3000  abv  Exp  100+ 100-    Range Typ Max  Model

A306 HML  C  G  210 250 310  290 320 335 280  78  74 81 82 78  80  310 250 140   1700 2000 2500  2600 1800    4000  390 430  AIRBUS
A310 HML  C  G  210 250 315  290 315 325 280  78  74 79 81 76  79  310 250 140   1700 2000 2500  2600 1800    4000  360 410  AIRBUS
A318 JML  F  G  210 250 300  280 300 320 280  77  73 78 81 76  78  310 250 130   1900 2200 2500  2500 1800    3200  390 390  AIRBUS
; min cruise .73
A319 JML  F  G  210 250 300  280 300 320 280  77  73 78 81 76  78  310 250 130   2000 2300 2700  2510 1800    2600  390 390  AIRBUS
A320 JML  F  G  210 250 300  280 300 320 280  77  73 79 81 76  79  310 250 130   1900 2200 2500  2520 1800    2700  390 390  AIRBUS
A321 JML  F  G  210 250 300  280 300 320 280  77  73 78 82 76  79  320 250 130   1900 2100 2400  2515 1800    3000  340 390  AIRBUS
; DAL A332 v .82/300
A332 HML  B  G  210 250 310  290 320 335 280  78  74 82 84 78  81  320 250 140   1700 2200 2500  2530 1800    6500  380 430  AIRBUS
A333 HML  B  G  210 250 310  290 320 335 280  78  74 82 84 78  81  320 250 140   1700 2200 2500  2525 1800    6500  380 430  AIRBUS
A339 HML  D  G  210 250 310  290 320 335 280  78  74 82 84 78  81  320 250 140   1700 2200 2500  2525 1800    6500  380 430  AIRBUS
A343 HML  B  G  210 250 310  290 320 335 280  80  78 82 85 78  82  325 250 140   1700 2200 2500  2510 1800    6500  360 410  AIRBUS
A346 HML  B  G  210 250 310  290 320 335 280  80  78 82 85 78  82  320 250 140   1700 2200 2500  2600 1800    7000  360 410  AIRBUS
A359 9ML  B  G  210 250 310  290 320 335 280  78  77 85 89 78  80  315 250 140   1800 2200 2500  2525 1800    8300  380 430  AIRBUS
A35K 9ML   B G  210 250 310  290 320 335 280  78  77 85 89 78  80  315 250 140   1800 2200 2500  2525 1800    8300  380 430  AIRBUS
A388 SML  A  G  210 250 310  290 320 335 280  78  80 85 88 85  83  325 250 140   1600 1800 2400  2600 1800    7300  380 410  AIRBUS
A20N JML   F G  210 250 300  280 300 320 280  77  72 79 81 76  79  320 250 130   1900 2100 2500  2510 1800    2850  390 390  AIRBUS
A21N JML   F G  210 250 300  280 300 320 280  77  72 78 81 76  79  320 250 130   1800 1900 2400  2520 1800    3500  340 390  AIRBUS
ASTR JML  H  G  210 250 290  270 290 310 270  76  75 80 82 76  80  300 250 130   2000 2000 2600  2700 1800    2500  370 430  GULFSTREAM

BCS1 JML   F G  210 250 300  280 300 320 280  77  72 78 81 76  78  310 250 130   1800 2000 2500  2500 1800    3300  370 410  AIRBUS
BCS3 JML   F G  210 250 300  280 300 320 280  77  72 78 81 76  78  310 250 130   1800 2000 2500  2500 1800    3300  370 410  AIRBUS
BE40 JML  H  G  210 250 280  260 280 295 275  72  68 74 77 72  74  290 250 125   2000 2000 2400  2700 1800    1500  340 430  BEECHJET
BLCF HML  D  G  210 250 320  290 325 335 290  80  80 83 85 80  83  330 250 140   1500 1500 2000  2600 1800    4000  350 380  BOEING
B38M JML   F G  210 250 300  280 300 320 280  74  72 79 82 76  76  315 250 130   1900 2100 2600  2510 1800    3300  390 430  BOEING
B39M JML   F G  210 250 300  280 300 320 280  74  72 79 82 76  76  320 250 132   1900 2200 2600  2420 1800    2850  390 410  BOEING
B712 JML  F  G  210 250 300  280 300 320 280  74  70 76 79 74  76  305 250 130   1700 1900 2500  2600 1800    2200  370 370  BOEING
B722 JML  F  G  210 250 300  290 310 325 280  74  77 80 83 76  80  310 250 135   1700 1900 2500  2700 1800    2500  380 410  BOEING
B732 JML  F  G  210 250 300  280 300 320 280  74  70 76 79 74  76  300 250 130   1700 1900 2500  2600 1800    2300  390 390  BOEING
B733 JML  F  G  210 250 300  280 300 320 280  74  70 76 79 74  76  300 250 130   1800 2000 2500  2505 1800    2700  390 390  BOEING
B734 JML  F  G  210 250 300  280 300 320 280  74  70 76 79 74  76  300 250 130   1800 2000 2500  2510 1800    2700  390 390  BOEING
B735 JML  F  G  210 250 300  280 300 320 280  74  70 76 79 74  76  300 250 130   1800 2000 2500  2515 1800    2700  390 390  BOEING
B736 JML  F  G  210 250 300  280 300 320 280  74  71 78 82 74  76  305 250 130   1800 2000 2500  2520 1800    2700  390 390  BOEING
B737 JML  F  G  210 250 300  280 300 320 280  74  73 78 82 75  79  310 250 130   1900 2100 2700  2515 1800    3900  390 410  BOEING
B738 JML  F  G  210 250 300  280 300 320 280  76  73 79 82 76  79  310 250 130   2000 2200 2700  2520 1800    3300  390 410  BOEING
; min cruise .73  min .75 @350
B739 JML  F  G  210 250 300  280 300 320 280  76  73 79 82 76  79  310 250 132   1900 2200 2700  2400 1800    2900  380 400  BOEING
B744 HML  B  G  210 250 320  300 325 335 290  80  80 85 89 80  85  330 250 140   1700 1900 2300  2600 1800    7000  400 430  BOEING
B748 HML  B  G  210 250 320  310 330 340 290  80  80 85 90 80  85  330 250 140   1700 1800 2300  2525 1800    7000  400 430  BOEING
B752 5MLM E  G  210 250 310  290 320 330 280  78  74 80 82 78  80  320 250 130   1700 2100 2500  2400 1800    3400  400 430  BOEING
B753 5MLM E  G  210 250 310  290 320 330 280  78  74 80 82 78  80  325 250 130   1400 1950 2300  2400 1800    3000  360 430  BOEING
B762 HMLM C  G  210 250 310  290 320 335 280  78  74 81 85 78  80  325 250 140   1700 1900 2400  2525 1800    6500  400 430  BOEING
B763 HMLM C  G  210 250 310  290 320 335 280  78  74 81 85 78  80  325 250 140   1700 1900 2400  2530 1800    6500  400 430  BOEING
B764 HMLM C  G  210 250 310  290 320 335 280  78  74 81 85 78  80  325 250 140   1700 1900 2400  2500 1800    6500  400 430  BOEING
B772 HML  B  G  210 250 320  290 320 335 280  81  79 84 87 80  84  325 250 135   1700 1900 2400  2500 1800    7300  400 430  BOEING
B773 HML  B  G  210 250 320  290 320 335 280  81  79 84 87 80  84  325 250 135   1700 1900 2400  2500 1800    7300  400 430  BOEING
B77L HML  B  G  210 250 320  290 320 335 280  81  79 84 87 80  84  325 250 135   1700 1900 2400  2500 1800    7400  400 430  BOEING
B77W HML  B  G  210 250 320  290 320 335 280  81  79 84 87 80  84  320 250 135   1700 1900 2400  2500 1800    7300  400 430  BOEING
B788 9ML  B  G  210 250 320  290 320 335 280  81  82 85 89 82  85  325 250 135   1700 1900 2400  2400 1800    7000  400 430  BOEING
; AAL cruise .85 to .87
B789 9ML  B  G  210 250 320  290 320 335 280  81  82 85 89 82  85  325 250 135   1700 1900 2400  2400 1800    7700  400 430  BOEING
; UAL able .87 FL370
B78X 9ML  D  G  210 250 320  290 320 335 280  81  82 85 89 82  85  325 250 135   1700 1900 2400  2400 1800    7000  400 430  BOEING

; CL30 req 430 .80
CL30 JML  H  G  210 250 300  285 310 320 280  78  72 80 82 77  79  300 250 130   1600 2200 2500  2700 1800    3000  380 450  CHALLENGER
; CL35 req 380 .82
CL35 JML   H G  210 250 310  290 315 325 280  78  74 82 84 78  80  320 250 130   1600 2200 2500  2700 1800    3200  380 450  CHALLENGER
CL60 JML  G  G  210 250 300  285 310 320 280  76  72 79 87 76  79  310 250 130   1700 2300 2700  2700 1800    3200  370 430  CHALLENGER
; CRJ2 IAS 320 at FL250   descent 300  SKW normal climb IAS 250
CRJ2 JML  G  G  200 250 270  250 280 320 265  71  64 74 78 68  71  290 250 125   2200 2100 2400  2200 1800    1500  310 370  CANADAIR
; CRJ7 FL300 M80+
CRJ7 JML  G  G  210 250 280  260 280 320 275  76  70 78 82 72  76  290 250 125   2100 2100 2300  2200 1800    1600  340 400  CANADAIR
; CRJ9 240v IAS 315 some able I320  able M.78  @300 able M.79  @360 M.81  criuse .76 able .77  EDV files .78 and .80  Climb 310kt ok
CRJ9 JML  G  G  210 250 280  260 280 320 275  76  70 78 82 72  76  305 250 125   2000 2100 2400  2200 1800    1600  340 390  CANADAIR
; C17 able IAS 340 for sequencing
C17  HML  C  G  210 250 300  290 310 320 280  77  74 79 81 76  79  310 250 140   1800 2100 2400  2600 1800    4000  320 370  GLOBEMASTER

C25A JML  I  G  210 240 260  240 250 270 240  65  60 69 72 62  68  270 250 125   2200 2200 2800  2600 1800    2200  390 450  CITATION
; C25B max IAS 270 in descent. Test max FL460 to elim climb calc error to FL450 - worked.
C25B JML  I  G  210 240 260  240 250 270 240  65  60 69 72 62  68  270 250 125   1600 1700 2000  2700 1800    2200  390 460  CITATION
C25C JML   I G  200 250 260  250 270 285 265  70  64 73 77 62  73  290 250 125   2500 2000 2500  2500 1800    2700  390 450  CITATION
C25M JML   I G  200 250 260  250 270 285 265  68  64 70 73 62  70  290 250 125   2500 2000 2500  2400 1800    2700  360 410  CITATION
C500 JML   I G  210 240 260  240 250 260 240  59  59 61 63 59  62  270 250 125   1600 1800 2100  2700 1800    2200  360 390  CITATION
C501 JML   I G  210 240 260  240 250 260 240  60  57 62 64 60  63  270 250 125   1800 2000 2300  2600 1800    2200  360 400  CITATION
C510 JML   I G  210 240 260  240 250 260 240  58  55 60 62 57  61  270 250 125   2100 1900 2100  2600 1800    2200  360 410  CITATION
; possible C525 max IAS 250 low alitudes?
C525 JML  I  G  200 250 260  250 270 285 265  65  61 67 70 63  68  280 250 130   1700 2000 2500  2600 1800    2700  390 450  CITATION
C550 JML  I  G  210 240 250  260 270 270 260  66  56 68 72 66  68  270 250 130   1700 2000 2500  2400 1800    2500  350 430  CITATION
C551 JML   I G  210 250 260  280 290 310 280  68  68 70 72 68  70  280 250 130   1700 2000 2500  2400 1800    2500  350 400  CITATION
; C55B max IAS on Star 265
C55B JML   I G  210 250 260  260 270 270 260  68  68 70 72 68  70  270 250 130   1700 2000 2500  2400 1800    2500  350 430  CITATION
; C56X max I300 @190
C56X JML  H  G  210 250 270  260 270 280 280  68  64 73 76 66  73  280 250 130   1900 2200 2700  2400 1800    2500  370 450  CITATION
; C560 MAX IAS @240 280K  max v 280K
C560 JML  H  G  210 250 270  260 270 280 270  70  66 72 74 68  72  280 250 130   2000 2500 3000  2400 1800    2500  370 450  CITATION
C650 JML   H G  210 250 290  280 300 320 280  75  70 78 82 74  78  315 250 130   1700 2000 2500  2600 1800    2700  360 430  CITATION
C680 JML  H  G  210 250 290  280 300 320 280  74  70 76 78 73  77  320 250 130   1700 2000 2500  2600 1800    2700  360 470  CITATION
; C68A .74 max FL410  maybe .76 FL390  FL240 able 300+
C68A JML   H G  210 250 280  260 280 310 280  74  70 76 78 73  77  320 250 130   1700 2000 2500  2600 1800    2500  380 450  CITATION
C700 JML   H G  210 250 290  270 290 310 280  77  78 80 82 78  80  320 250 130   1900 2300 2600  2600 1800    2900  380 450  CITATION
; C750 req 430 .86
C750 JML  H  G  210 250 310  290 320 335 280  85  80 90 91 86  88  325 250 135   1700 2100 2600  2700 1800    5000  470 510  CITATION
DC87 HML  D  G  210 250 310  290 320 335 280  78  76 82 85 79  80  325 250 140   1700 2000 2500  2600 1800    6500  340 390  DOUGLAS
DC93 JML  F  G  210 250 290  280 300 320 280  73  73 76 78 73  76  300 250 130   1800 2100 2500  2500 1800    2000  320 350  DOUGLAS
DC10 HMLM C  G  210 250 310  290 320 335 280  78  76 82 85 79  80  325 250 140   1700 2000 2500  2600 1800    6500  380 430  DOUGLAS
EA50 JML   I G  200 235 270  240 255 270 250  65  60 69 72 67  69  260 240 120   1500 1800 2200  2000 1800    1500  360 410  ECLIPSE
; E50P FL270 max IAS 270
E50P JML   I G  200 235 270  240 255 270 250  61  61 64 67 62  65  260 240 120   1500 1800 2200  2000 1800    1500  340 410  PHENOM
; E55P FL190 level max IAS 280  FL330 able .74
E55P JML   H G  220 245 280  270 295 305 260  70  68 73 77 70  73  280 250 120   1900 2300 2600  2200 1800    1700  380 450  PHENOM
EXP  JML  -- G  210 250 329  280 300 320 280  74  72 79 81 76  79  320 250 130   1700 2000 2500  2700 1800    2700  340 390  EXP
E135 JML  G  G  210 250 270  255 275 300 270  71  68 74 78 71  74  280 250 125   1600 1800 2200  2400 1800    2000  340 390  EMBRAER
; E145 S310+  maybe 300 max FL280   max cruise .76
E145 JML  G  G  210 250 270  255 275 310 270  72  68 74 76 71  74  280 250 125   1600 1900 2200  2400 1800    1500  340 390  EMBRAER
E35L JML  -- G  210 250 270  255 275 300 270  71  68 74 78 71  74  280 250 125   1600 1800 2200  2400 1800    1500  340 410  LEGACY
E45X JML  G  G  210 250 270  255 275 300 270  72  68 75 80 71  75  280 250 125   1600 1900 2200  2400 1800    1500  340 390  EMBRAER
; E545 FL410 able .82
E545 JML  -- G  210 250 290  260 280 295 275  75  74 78 82 74  80  310 250 125   1700 2200 2600  2400 1800    2600  360 450  LEGACY
E550 JML  -- G  210 250 290  260 275 290 275  75  74 78 80 74  80  310 250 125   1700 2200 2600  2400 1800    2600  360 450  LEGACY
; E170 FL380 .80    .70 OK @330
E170 JML  G  G  210 250 280  260 280 300 275  73  68 75 81 72  75  290 250 125   1600 1800 2200  2400 1800    1900  340 390  EMBRAER
E175 JML   G G  210 250 280  260 280 300 275  73  68 75 81 72  75  290 250 125   1600 1900 2500  2400 1800    1900  340 390  EMBRAER
; E190 S310+  able .80 maybe .81
E190 JML  F  G  210 250 290  260 280 310 275  74  72 78 81 72  77  290 250 125   1800 2000 2400  2400 1800    1900  340 400  EMBRAER
; E75L unable .76 due turb  OK FL310 .79   FL350 using .74
; E75L MS300 in climb. That'll be a slow climb. MS280.  ENY normal climb 300.
; E75L desc ok 310+
E75L JML  G  G  210 250 280  260 280 310 275  73  68 75 81 72  75  290 250 125   1700 2000 2600  2400 1800    1900  340 390  EMBRAER
; E75S FL320 78+  v 300+  FL350 ok 79+
E75S JML  G  G  210 250 280  260 280 310 275  72  68 75 81 72  75  290 250 125   1700 2100 2600  2400 1800    1900  330 380  EMBRAER

FA10 JML   H G  210 250 310  290 320 330 280  77  74 79 81 76  79  310 250 130   1400 1800 2200  2700 1800    3000  340 390  FALCON
FA20 JML   H G  210 250 305  280 300 310 270  74  71 76 78 73  76  315 250 130   1600 1800 2300  2700 1800    3000  340 390  FALCON
FA50 JML  H  G  210 250 310  290 320 330 280  78  74 80 81 78  80  310 250 130   1800 2100 2400  2700 1800    3000  360 430  FALCON
; FA7X req 410 .85
FA7X JML  G  G  210 250 310  290 320 330 280  79  77 82 85 78  80  310 250 130   1400 1800 2200  2700 1800    4700  360 450  FALCON
; F2TH able .84 @340
F2TH JML  H  G  210 250 310  290 320 330 280  78  77 82 84 79  80  315 250 130   1400 1800 2200  2700 1800    3100  380 450  FALCON
F900 JML  G  G  210 250 300  280 305 320 280  78  77 81 82 79  80  310 250 130   2000 3000 3500  2700 1800    3000  400 470  FALCON
F9EX JML  -- G  210 250 300  280 305 320 280  78  77 81 82 79  80  310 250 130   2000 3000 3500  2700 1800    3000  400 470  FALCON
F15  JMLH -- G  230 250 310  290 320 335 280  85  85 90 91 86  88  320 250 135   2500 2800 3000  2900 1800    2000  470 510  F15
F18S JMLH G  G  230 250 300  290 320 335 280  80  76 82 84 78  80  325 250 140   3000 4000 5000  2500 1800    2000  320 380  SUPER_HORNET
F70  JML   G G  210 250 280  250 260 270 250  69  67 72 74 69  72  280 250 130   2000 2200 2500  2400 1800    2000  320 350  FOKKER

GA5C JML  -- G  210 250 310  290 320 330 280  78  80 86 87 78  86  320 250 130   2200 2000 2500  2700 1900    3000  380 470  GULFSTREAM
GA6C JML  -- G  210 250 310  290 320 330 280  78  81 87 88 80  87  320 250 130   2200 2000 2500  2700 1900    4200  380 470  GULFSTREAM
GALX JML  H  G  210 250 310  290 320 330 280  78  74 80 81 78  80  310 250 130   1900 2200 2600  2700 1900    3000  380 450  GULFSTREAM
; GLEX FL450 M.85 ~T490
GLEX JML  F  G  210 250 310  290 320 330 280  82  78 85 87 82  84  310 250 130   2000 2300 2700  2700 1900    5500  380 470  GLOBAL_EXPRESS
GLF2 JML  G  G  210 250 310  290 320 330 280  78  74 81 82 78  80  320 250 130   1900 2200 2600  2700 1900    3000  340 410  GULFSTREAM
GLF3 JML  G  G  210 250 310  290 320 330 280  78  74 81 82 78  80  320 250 130   2000 2300 2700  2700 1900    3000  380 430  GULFSTREAM
GLF4 JML  G  G  210 250 310  290 320 330 280  78  74 83 88 78  80  320 250 130   2000 2300 2700  2700 1900    3700  380 450  GULFSTREAM
GLF5 JML  F  G  210 250 310  290 320 330 280  78  74 83 85 78  80  320 250 130   2000 2500 3000  2700 1900    5000  380 490  GULFSTREAM
; GLF6 normal climb 320 one example
GLF6 JML  F  G  210 250 320  290 320 330 280  78  82 85 90 78  88  320 250 130   2000 2300 2700  2700 1900    6100  380 490  GULFSTREAM
G150 JML   H G  210 250 310  290 320 330 280  78  75 80 82 78  80  320 250 130   2500 2500 3000  2700 1900    3000  380 430  GULFSTREAM
G280 JML   H G  210 250 310  290 320 330 280  78  74 80 84 78  80  310 250 130   1900 2200 2600  2700 1900    3000  380 450  GULFSTREAM
GL5T JML  F  G  210 250 310  290 320 330 280  78  76 85 89 78  80  310 250 130   2500 2500 3000  2700 1900    4400  380 470  GULFSTREAM
GL7T JML  F  G  210 250 310  290 320 330 280  78  76 86 89 78  80  310 250 130   2500 2500 3000  2700 1900    4400  380 450  GULFSTREAM

HA4T JML  -- G  210 250 310  290 320 330 280  78  74 80 81 78  80  310 250 130   1400 1800 2200  2600 1800    3000  380 430  HAWKER
; H25B normal climb 280 one example
H25B JML  H  G  210 250 280  280 300 320 280  74  70 76 79 74  76  320 250 130   1700 2000 2500  2600 1800    2700  350 410  HAWKER
H25C JML  -- G  210 250 290  280 300 320 280  74  70 76 79 74  76  320 250 130   1700 2000 2500  2600 1800    2700  350 400  HAWKER
; HDJT IAS 260 max at any altitude
HDJT JML   I G  200 235 250  240 250 260 250  64  62 68 72 62  67  260 240 120   1700 2000 2500  2700 1800    1500  380 430  HONDAJET

J328 JML   H G  220 250 280  270 295 305 260  63  62 65 68 63  66  280 250 120   1700 2000 2500  2700 1800    1500  240 340  DORNIER

LJ25 JML   I G  210 250 300  280 300 320 280  74  70 76 79 74  76  305 250 130   2000 2200 2700  2700 1800    2700  350 410  LEARJET
LJ31 JML  H  G  210 250 300  280 300 320 280  74  70 76 80 74  76  300 250 130   2000 2200 2700  2700 1800    2700  360 450  LEARJET
LJ35 JML  H  G  210 250 300  280 300 320 280  74  70 76 79 74  76  305 250 130   2000 2200 2700  2700 1800    2700  350 410  LEARJET
LJ40 JML   H G  210 250 300  280 300 320 280  74  70 76 79 74  76  305 250 130   2000 2200 2700  2700 1800    2700  350 470  LEARJET
LJ45 JML  H  G  210 250 300  280 300 320 280  74  70 76 79 74  76  310 250 130   2000 2200 2700  2700 1800    2700  350 470  LEARJET
LJ55 JML  H  G  210 250 280  280 300 320 280  74  70 76 79 74  76  310 250 130   2000 2300 2800  2700 1800    2700  350 400  LEARJET
LJ60 JML  H  G  210 250 280  260 280 295 275  75  73 78 81 78  77  295 250 125   2000 2200 2800  2700 1800    2100  380 430  LEARJET
LJ70 JML   H G  210 250 280  260 280 295 275  74  74 77 79 74  72  300 250 125   2800 2800 3400  2700 1800    1500  400 470  LEARJET
LJ75 JML   H G  210 250 280  260 280 295 275  76  74 79 81 76  74  305 250 125   2500 2800 3200  2700 1800    1500  400 450  LEARJET

MD11 HML  C  G  210 250 320  290 325 335 290  80  80 83 85 80  83  330 250 140   1700 1800 2300  2600 1800    6500  400 430  MD11
MD80 JML   F G  210 250 300  280 300 320 280  74  70 76 79 74  76  305 250 130   1700 2100 2500  2600 1800    2200  320 350  MD80
MD82 JML  F  G  210 250 300  280 300 320 280  74  70 76 79 74  76  305 250 130   1700 2100 2500  2600 1800    2200  340 370  MD82
MD83 JML  F  G  210 250 300  280 300 320 280  74  70 76 79 74  76  305 250 130   1700 2100 2500  2600 1800    2200  340 400  MD83
MD88 JML  F  G  210 250 300  280 300 320 280  74  70 76 79 74  76  310 250 130   1900 2300 2600  2600 1800    2200  310 370  MD88
MD90 JML  F  G  210 250 300  280 300 320 280  74  70 76 79 74  76  310 250 130   1900 2300 2600  2600 1800    2200  310 370  MD90

MU30 JML   H G  210 250 280  260 280 295 275  72  68 74 77 72  74  295 250 125   1800 1800 2200  2500 1800    1500  370 390  DIAMOND
PC24 JML   H G  200 240 250  250 260 280 250  62  69 72 73 73  73  270 250 105   2000 2500 3000  2200 1700    1800  380 450  PILATUS
PRM1 JML   I G  210 250 280  260 280 300 260  74  70 76 78 74  77  315 250 130   2100 2500 3000  2800 1800    2200  360 410  PREMIER
SBR1 JML   H G  210 250 300  270 290 310 270  74  70 76 78 74  77  320 250 130   2100 2500 3000  2800 1800    2200  360 400  SABERLINER
; SF50 FL230v IAS 230KT  uses STAR speeds but shouldn't
SF50 JSL   I G  200 220 220  200 230 240 230  50  48 51 53 50  58  240 240 110   1500 1700 2100  2000 1700    2200  280 310  VISION
SJ30 JSL  -- G  210 250 290  270 290 310 280  78  76 80 82 76  80  310 250 130   2200 2200 2800  2800 1800    2700  300 450  SYBERJET
T38  JSL   I G  210 250 330  280 300 320 280  74  70 76 79 74  76  330 250 130   2500 3000 4000  2900 1800    2700  310 400  T38
WW24 JML   H G  210 250 275  260 275 290 260  70  68 73 76 70  74  290 250 125   2200 2200 2800  2700 1800    1500  360 400  WESTWIND

;            Equip not in use
;      guess |
;          | |      CLIMB        CRUISE       ^    CRUISE      v     DESCENT
;       CWT| |    -- IAS --  ----- IAS -----  ---- MACH ---------  --- IAS ----    Climb FPM     Descent FPM		 CRZ FL
;         vv v   30 100 abv  -         +  T       -      +  T       v  100 apch  3000  abv  Exp  100+ 100-    Range Typ Max  Model

AC90 TML   I G  160 190 190  220 230 240 220  45  44 47 49 44  47  240 240 110   2000 1800 2300  1500 1200    1500  150 300  TURBO_COMMANDER
AC95 TML   I G  160 190 190  220 230 240 220  46  45 48 50 45  48  240 240 110   1900 1800 2300  1500 1200    1500  220 300  COMMANDER
AN12 TML   G G  150 150 150  180 200 220 200  43  42 45 47 43  42  210 210 115   1000 1000 1400  1200 1100    3000  250 330  ANTONOV
AT43 TML  G  G  150 150 150  180 200 220 180  40  40 41 42 40  40  200 200 110   1400 1400 1700  1300 1200    1500  200 230  AEROSPATIALE
AT45 TML  -- G  150 150 150  210 230 240 210  43  43 44 45 43  43  230 230 110   1400 1400 1700  1400 1200    1500  200 230  ATR
; AT46 max I240 @17000
AT46 TML  -- G  150 150 150  210 230 240 210  44  44 45 46 44  44  230 230 110   1400 1400 1700  1400 1200    1500  200 230  ATR
AT72 TML  G  G  150 150 150  170 180 190 170  39  39 40 41 39  40  180 180 110   1200 1200 1600  1100 1100    1500  200 240  ATR
AT76 TML  -- G  150 150 150  200 210 220 200  40  41 42 43 40  42  210 210 110   1200 1200 1600  1100 1100    1500  170 220  ATR
BE10 TML  I  G  150 180 180  240 210 220 200  40  45 48 50 45  48  220 220 110   1800 1600 1800  1400 1200    1500  200 230  KING_AIR
BE20 TML  I  G  150 180 180  200 210 220 200  40  45 47 49 45  48  230 230 110   1800 1600 1800  1400 1200    1500  250 320  KING_AIR
BE30 TML   I G  150 180 180  210 220 230 210  46  45 48 50 45  48  230 230 110   1800 1600 1800  1400 1200    2200  250 350  KING_AIR
BE9L TML   I G  150 150 150  160 170 180 160  38  39 41 43 39  41  190 190 110   1800 1600 1800  1100 1100    1500  250 270  KING_AIR
BE9T TML   I G  150 150 150  170 180 190 170  38  40 42 44 40  42  180 180 110   1800 1600 1800  1100 1100    1500  250 270  KING_AIR
BE99 TML  I  G  160 160 160  160 170 180 160  37  37 38 39 37  39  190 190 110   1600 1400 1800  1100 1100    1500  100 180  AIRLINER
B18T TML   I G  150 150 150  150 160 170 150  33  33 34 35 33  35  180 180 100   1000 1000 1300  1000 1000    1500  100 140  B18T
; B190 climb to FL230 50-65 miles
B190 TML  H  G  160 160 160  170 190 200 170  37  39 41 44 39  39  200 200 110   1800 1600 2000  1100 1100    1500  220 250  BEECHCRAFT
B350 TML  H  G  150 180 180  220 240 250 240  40  45 48 50 45  48  240 240 110   1900 1700 1800  1500 1500    1500  250 350  KING_AIR
B60T TML   I G  140 140 140  160 170 180 160  36  37 39 41 37  39  180 180 105   1800 1500 1900  1100 1100    1500  220 220  DUKE
CVLT TML  F  G  150 170 170  180 220 240 200  41  48 50 52 48  52  230 230 120   1300 1300 1600  1200 1200    1100  230 230  CONVAIR
C130 TML  F  G  150 170 170  210 230 240 210  40  44 47 49 44  47  240 240 110   1800 1600 1900  1500 1500    1500  220 270  HERCULES
C30J TML  F  G  150 170 170  210 230 240 210  40  44 47 49 44  47  240 240 110   1800 1600 1900  1500 1500    2500  220 270  HERCULES
C212 TML   H G  140 150 150  140 150 160 140  36  36 37 38 36  38  150 150 110   1600 1400 1800  1000 1000    1500  100 140  AVIOCAR
C425 TML   I G  150 150 150  160 170 180 160  38  39 41 43 39  41  190 190 110   1800 1600 1800  1100 1100    1500  210 280  CONQUEST
C441 TML   I G  150 180 180  220 240 250 240  40  45 48 50 45  48  240 240 110   1900 1700 1800  1500 1200    1500  250 310  CONQUEST
DC3T TML  -- G  135 135 135  150 160 170 150  31  31 32 33 31  32  160 160 100    900  700 1400  1000 1000    1000   80 180  DOUGLAS
DHC6 TML   I G  110 120 120  130 140 150 130  32  32 33 34 32  34  150 150 110    700  700 1000  1000 1000    1500   90 140  TWIN_OTTER
DH8A TML  G  G  140 140 140  160 170 180 160  37  37 38 39 37  39  200 200 110   1600 1400 1800  1500 1200    1500  230 250  DEHAVILLAND
DH8C TML  G  G  150 150 150  190 200 210 190  37  44 45 46 44  46  230 230 115   1600 1400 1800  1500 1200    1500  230 250  DEHAVILLAND
DH8D TML  F  G  200 200 200  230 240 260 235  53  53 54 56 53  55  250 230 120   1700 1700 2200  1500 1200    1500  250 270  DEHAVILLAND
D228 TML   I G  150 150 150  170 180 190 160  29  29 31 33 27  31  180 180 110   1500 1500 1900  1100 1100    1000  100 140  DORNIER
E110 TML   I G  130 130 130  150 160 170 150  27  27 28 29 27  29  170 170 110   1200 1200 1700  1000 1000    1500   80 200  BANDEIRANTE
E120 TML  H  G  150 170 170  210 230 240 210  40  44 47 49 44  47  240 240 110   1200 1000 1600  1500 1200    1500  200 250  BRASILIA
JS31 TML  -- G  140 140 140  170 180 190 170  37  37 38 39 37  39  200 200 110   1500 1300 1700  1200 1200    1500  120 170  JETSTREAM
JS32 TML  -- G  140 140 140  170 180 190 170  37  37 38 39 37  39  200 200 110   1500 1300 1700  1200 1200    1500  120 170  JETSTREAM
MU2  TML   I G  200 200 200  220 230 250 225  50  50 51 53 50  52  250 230 115   1700 1700 2200  1500 1200    1500  200 260  MITSUBISHI
PAY1 TML   I G  140 140 140  160 170 180 160  38  39 41 43 39  41  180 180 110   1700 1700 2100  1500 1200    1500  200 280  CHEYENNE
PAY2 TML  I  G  140 140 140  160 170 180 160  38  39 41 43 39  41  180 180 110   1700 1700 2100  1500 1200    1500  200 260  CHEYENNE
PAY3 TML   I G  140 140 140  170 180 190 170  40  41 43 45 41  43  190 190 110   1700 1700 2100  1500 1200    1500  200 250  CHEYENNE
P180 TML  I  G  180 200 200  240 250 260 240  54  61 64 66 57  64  250 250 115   2000 1800 1900  1500 1200    1500  270 380  AVANTI
P3   TML  -- G  190 190 190  210 220 240 215  50  51 53 55 51  54  240 240 120   1600 1400 1900  1600 1300    2000  200 250  ORION
SB20 TML  G  G  180 200 200  240 240 240 240  50  57 60 62 57  60  240 240 115   2000 1800 1900  1400 1200    1500  270 310  SAAB
SF34 TML  G  G  140 160 160  170 210 230 190  38  42 44 46 42  46  220 220 110   1900 1700 1700  1300 1200    1200  250 270  SAAB
SH36 TML  H  G  120 130 130  150 160 170 150  28  28 29 30 28  28  170 160 100    900  900 1200  1000 1000     900   70 200  SHORT
SW3  TML  I  G  150 150 150  160 170 180 160  38  39 41 43 39  41  180 180 110   1300 1100 1500  1000 1000    1500  180 230  FAIRCHILD
SW4  TML  H  G  150 180 180  180 210 250 180  41  45 48 51 44  48  210 210 130   1800 1600 2000  1000 1000    1500  200 230  FAIRCHILD

AT8T TSL   I G  120 120 120  130 150 160 130  28  28 29 30 29  30  160 160 110    900  900 1200   900  900    2300   90 170  AIR_TRACTOR
; C208 on final can do 160KT (ORD)
C208 TSL  I  G  120 120 120  130 140 160 130  28  28 29 30 29  30  150 150 110   1200 1000 1500  1000 1000    2250   90 170  CARAVAN
C10T TSL   I G  130 130 130  140 150 160 150  32  32 34 35 32  34  150 150 110   1200 1000 1600  1000 1000    1500  130 220  CESSNA
DH3T TSL   I G  100 100 100  110 120 130 110  22  22 24 25 22  22  120 120 110   1000 1000 1200   800  800     800   60 160  VAZAR
EPIC TSL   I G  150 170 170  200 215 230 200  46  48 50 52 48  51  220 220 110   1800 1800 2300  1400 1200    1500  200 280  EPIC
EVOT TSL   I G  150 170 170  180 190 200 180  37  41 44 46 41  41  190 190 110   2000 2000 2500  1300 1200    1500  240 280  EVOLUTION
KODI TSL   I G  110 120 120  130 140 150 130  32  32 33 34 32  34  150 150 110    700  700 1000  1000 1000    2200   90 170  KODIAK
LNP4 TSL   I G  150 170 170  180 190 200 180  40  45 48 49 45  48  180 180 110   1800 1800 2100  1100 1000    1500  220 280  LANCAIR
M600 TSL   I G  140 160 160  150 190 210 170  38  39 41 43 39  43  220 220 110   1800 1700 1700  1300 1200    1000  240 290  MERIDIAN
PC12 TSL  I  G  150 170 170  210 230 240 210  40  44 47 49 44  47  240 240 110   1800 1600 1900  1400 1200    1500  250 300  PILATUS
P46T TSL   I G  140 160 160  150 190 210 170  38  39 41 43 39  43  220 220 110   1800 1700 1700  1700 1100    1000  240 280  MERIDIAN
TBM7 TSL   I G  150 170 170  180 190 200 180  40  44 48 53 44  47  180 180 110   1400 1400 1800  1100 1000    1500  220 310  SOCATA
TBM8 TSL   I G  150 170 170  180 190 200 180  40  44 48 53 44  47  180 180 110   1400 1400 1800  1100 1000    1500  220 310  SOCATA
TBM9 TSL   I G  150 170 170  190 200 210 190  40  49 53 56 51  53  210 210 110   1500 1500 2000  1300 1100    1500  220 310  SOCATA

;            Equip not in use
;      guess |
;          | |      CLIMB        CRUISE       ^    CRUISE      v     DESCENT
;       CWT| |    -- IAS --  ----- IAS -----  ---- MACH ---------  --- IAS ----    Climb FPM     Descent FPM		 CRZ FL
;         vv v   30 100 abv  -         +  T       -      +  T       v  100 apch  3000  abv  Exp  100+ 100-    Range Typ Max  Model

AC50 PML   I G  110 110 110  120 130 140 120  22   0  0  0  0   0  130 130  95    900  900 1200   900  900    2100   80 170  AERO_COMMANDER
AC68 PML   I G  115 115 115  130 140 150 130  24   0  0  0  0   0  140 140 100    900  900 1200   900  900    1000   80 170  AERO_COMMANDER
AEST PML   I G  120 120 120  160 170 180 160  37   0  0  0  0   0  170 170 100   1100 1200 1500  1000 1000    1000  120 250  AEROSTAR
BE18 PML   I G  115 115 115  135 145 155 130  28   0  0  0  0   0  150 150 100    800  800 1200   900  900    1000   70 120  BEECHCRAFT
BE50 PML   I G  115 115 115  135 145 155 130  28   0  0  0  0   0  150 150 100   1000  900 1400  1000 1000    1000   80 150  TWIN_BONANZA
BE55 PML   I G  115 115 115  135 145 155 130  28   0  0  0  0   0  150 150 100   1000  900 1400  1000 1000    1000   80 150  BARON
BE58 PML  I  G  115 115 115  135 145 155 130  29   0  0  0  0   0  150 150 100   1000  900 1400  1000 1000    2050   80 220  BARON
B58T PML   I G  115 115 115  145 155 170 145  31   0  0  0  0   0  160 160 100   1200 1100 1500  1000 1000    1000  120 230  TURBO_BARON
BE60 PML   I G  110 110 110  140 155 165 150  28   0  0  0  0   0  160 160  95   1000  900 1300   900  900    1000   70 260  DUKE
BE65 PML   I G  110 110 110  145 155 165 145  29   0  0  0  0   0  155 155 105    900  900 1400  1000 1000    1000   70 120  QUEEN_AIR
BE76 PML   I G  105 105 105  125 135 145 125  25   0  0  0  0   0  140 140 100    900  900 1200  1000 1000    1000  110 140  DUCHESS
C303 PML   I G  115 115 110  140 150 160 140  30   0  0  0  0   0  150 150 100    900  800 1200   900  900    1000   80 140  CRUSADER
C310 PML   I G  110 110 110  140 150 160 140  30   0  0  0  0   0  150 150 100    900  900 1400  1000 1000    1000   80 170  CESSNA
C335 PML   I G  110 110 110  150 160 170 150  33   0  0  0  0   0  160 160 100   1200 1200 1500  1000 1000    1000  110 170  CESSNA
C337 PML   I G  105 105 105  125 135 145 125  30   0  0  0  0   0  140 140 100    800  800 1200  1000 1000    2150  110 200  SKYMASTER
C340 PML   I G  110 110 110  150 160 170 150  33   0  0  0  0   0  160 160 100   1200 1200 1500  1000 1000    1000  110 230  CESSNA
C402 PML   I G  110 110 110  140 150 160 140  27   0  0  0  0   0  150 150 100    900  900 1400  1000 1000    1000   80 150  CESSNA
C404 PML   I G  115 115 115  145 155 165 145  28   0  0  0  0   0  150 150 100    900  900 1400  1000 1000    1000   80 120  TITAN
C414 PML   I G  115 115 115  140 150 160 140  33   0  0  0  0   0  150 150 100   1000 1000 1200  1000 1000    1000  120 260  CHANCELLOR
C421 PML   I G  115 115 115  140 150 160 140  36   0  0  0  0   0  150 150 100   1300 1200 1700  1100 1100    1000  160 250  CESSNA
C46  PML   G G  110 110 110  120 130 140 100  24   0  0  0  0   0  140 140 100    800  700 1100   900  900    2700   80 240  CURTISS
CVLP PML   G G  120 120 120  150 170 180 150  35   0  0  0  0   0  170 170 100    900  900 1400  1000 1000    1000   80 160  CONVAIRLINER
DA42 PML   I G  110 110 110  120 130 140 100  24   0  0  0  0   0  140 140 100    800  700 1100   900  900    1000   80 120  TWIN_STAR
DA62 PML   I G  110 110 110  140 150 160 140  30   0  0  0  0   0  150 150 100    800  700 1200   900  900    1000   80 120  TWIN_STAR
DC3  PML   H G  105 105 105  120 120 120 130  30   0  0  0  0   0  120 120 100    700  700 1000   800  800    1000   80 120  DOUGLAS
DC3S PML   H G  115 115 115  140 150 160 140  34   0  0  0  0   0  150 150 100    900  700 1400  1000 1000    1000   80 120  DOUGLAS
DC6  PML   G G  130 130 130  190 200 210 190  40   0  0  0  0   0  200 200 110    900  700 1400  1000 1000    1000   80 130  DOUGLAS
PA23 PML   I G  110 110 110  130 140 150 135  34   0  0  0  0   0  150 150 100    800  800 1200  1000 1000    1000   70 120  APACHE
PA27 PML   I G  115 115 115  140 150 160 140  34   0  0  0  0   0  150 150 100    900 1000 1400  1000 1000    1000   80 150  AZTEC
PA30 PML   I G  110 110 110  130 140 150 130  25   0  0  0  0   0  140 140 100    800  800 1200   900  900    1000   70 150  TWIN_COMANCHE
PA31 PML  I  G  115 115 115  140 150 160 140  34   0  0  0  0   0  150 150 100    900 1000 1400  1000 1000    1000   80 190  NAVAJO
PA34 PML   I G  105 105 105  120 130 140 120  25   0  0  0  0   0  140 140 100    900  900 1200   900  900    1000   70 160  SENECA
PA44 PML   I G  105 105 105  120 130 140 120  25   0  0  0  0   0  140 140 100    800  800 1200   900  900    1000   70 120  SEMINOLE
P06T PML   I G  100 100 100  120 130 140 120  22   0  0  0  0   0  130 130  95    900  900 1200   900  900     800   80 140  TENCAM
P212 PML   I G  115 115 115  140 150 160 140  34   0  0  0  0   0  150 150 100    900 1000 1400  1000 1000    1000   80 120  TRAVELLER

AA5  PSL   I G  100 100  95  110 115 120 120  20   0  0  0  0   0  100 100  90    800  700 1100   900  900    1000   80 120  TIGER
AC11 PSL   I G  110 110 110  125 135 145 110  25   0  0  0  0   0  140 140  95    800  800 1100   900  900    1000   80 120  COMMANDER
BE23 PSL   I G   90  90  90   90  95 100  90  20   0  0  0  0   0  100 100  90    800  700 1100   900  900    1000   80 120  SUNDOWNER
BE24 PSL   I G  100 100 100  100 110 120 100  21   0  0  0  0   0  120 120  90    900  800 1100   900  900    1000   80 140  SIERRA
BE33 PSL   I G  110 110 110  130 140 150 130  28   0  0  0  0   0  140 140 100    900  900 1300   900  900    1000   80 170  BONANZA
BE35 PSL   I G  110 110 110  130 140 150 130  30   0  0  0  0   0  140 140 100    900  900 1300   900  900    1000   80 140  BONANZA
BE36 PSL   I G  110 110 110  130 140 150 130  30   0  0  0  0   0  140 140 100   1000 1000 1400   900  900    1000   80 170  BONANZA
BE95 PSL   I G  100 100 100  130 145 155 140  28   0  0  0  0   0  145 145  95    800  800 1100   800  800    1000   70 120  TRAVELAIR
BL17 PSL   I G  105 105 105  125 130 140 110  21   0  0  0  0   0  140 140  90    800  700 1000   800  800    1000   80 120  BELLANCA
BT36 PSL   I G  110 110 110  140 150 160 140  30   0  0  0  0   0  140 140 100   1000  900 1400   900  900    1000   80 170  BONANZA
COL3 PSL   I G  115 115 115  130 140 150 130  28   0  0  0  0   0  140 140 100    900  800 1200   900  900    1000   80 160  COLUMBIA
COL4 PSL   I G  115 115 115  130 140 165 130  28   0  0  0  0   0  150 150 100    900  800 1200   900  900    1000   80 190  COLUMBIA
C150 PSL   I G   85  85  85   80  85  95  80  20   0  0  0  0   0   90  90  80    700  600 1000   900  900    1000   60 100  CESSNA
C152 PSL   I G   85  85  85   85  90 100  85  22   0  0  0  0   0   95  95  85    700  600 1000   900  900    1000   60 100  CESSNA
C170 PSL   I G   90  90  90   90  95 100  90  23   0  0  0  0   0  100 100  90    700  600 1000   900  900    1000   80 120  CESSNA
C172 PSL   I G  100 100  95  100 100 110 100  25   0  0  0  0   0  100 100  90    800  700 1100   900  900    1000   80 130  SKYHAWK
C177 PSL   I G  105 105 100  110 110 120 110  25   0  0  0  0   0  110 110  90    800  700 1100   900  900    1000   80 120  CARDINAL
C180 PSL   I G  105 105 100  100 110 120 110  23   0  0  0  0   0  110 110  95    800  800 1100   900  900    1000   80 120  SKYWAGON
C182 PSL   I G  105 105 100  100 110 120 110  23   0  0  0  0   0  110 110  95    800  800 1100   900  900    1000   80 170  SKYLANE
C185 PSL   I G  105 105 100  100 110 120 110  23   0  0  0  0   0  110 110  95    800  800 1100   900  900    1000   80 120  SKYWAGON
C195 PSL   I G  100 100 100  110 120 130 110  22   0  0  0  0   0  110 110  95    800  800 1100   900  900    1000   70 120  CESSNA
C205 PSL   I G  110 110 110  120 125 130 110  22   0  0  0  0   0  130 130  95    800  700 1000   900  900    1000   60 120  STATIONAIR
C206 PSL   I G  110 110 110  120 125 130 110  22   0  0  0  0   0  130 130  95    800  700 1000   900  900    1000   60 170  STATIONAIR
C207 PSL   I G  110 110 110  120 125 130 110  22   0  0  0  0   0  130 130  95    800  700 1000   900  900    1000   60 120  STATIONAIR
C210 PSL  I  G  115 115 110  130 135 140 110  25   0  0  0  0   0  140 140  95    900  800 1200   900  900    1000   80 190  CENTURION
C240 PSL   I G  115 115 110  135 140 145 130  27   0  0  0  0   0  145 145  95    900  800 1200   900  900    1000   80 180  CESSNA
C72R PSL   I G  100 100  95  100 110 120 110  25   0  0  0  0   0  110 110  90    800  700 1100   900  900    1000   80 120  CUTLASS
C77R PSL   I G  105 105 105  120 125 130 110  22   0  0  0  0   0  130 130  95    800  700 1000   900  900    1000   60 170  CARDINAL
C82R PSL   I G  110 110 110  125 135 145 110  25   0  0  0  0   0  140 140  95    900  900 1300   900  900    1000   80 120  SKYLANE
C82S PSL   I G  110 110 110  125 135 145 110  25   0  0  0  0   0  140 140  95    900  900 1300   900  900    1000   80 170  SKYLANE
C82T PSL   I G  110 110 110  125 135 145 110  25   0  0  0  0   0  140 140  95    900  900 1300   900  900    1000   80 170  SKYLANE
DA40 PSL   I G  100 100  95  100 105 110 100  22   0  0  0  0   0  110 110  90    800  700 1100   900  900    1000   80 140  DIAMOND_STAR
DG15 PSL   I G   85  85  85  115 125 130 110  22   0  0  0  0   0  125 125  90    800  700 1000   900  900    1000   70 120  HOWARD
DHC2 PSL   I G   85  85  85   85  95 105  90  18   0  0  0  0   0  100 100 100    700  700 1000   800  800    1000   60 140  BEAVER
DHC3 PSL   I G  100 100 100  100 105 110 100  22   0  0  0  0   0  100 100 100    700  700 1000   800  800    1000   60 150  OTTER
DV20 PSL   I G   90  90  90  100 115 125 110  21   0  0  0  0   0  125 125  90    800  700 1100   800  800    1000   70 120  KATANA
GLAS PSL   I G  110 110 110  160 175 185 160  35   0  0  0  0   0  175 175 100   1000 1000 1400   900  900    1000   70 150  GLASAIR
GLST PSL   I G   90  90  90  100 115 125 110  21   0  0  0  0   0  125 125  90    800  700 1100   800  800    1000   70 110  GLASTAR
NAVI PSL   I G  105 105 105  120 125 130 110  22   0  0  0  0   0  130 130  95    800  700 1000   900  900    1000   60 120  NAVION
LEG2 PSL   I G  130 150 150  175 185 195 170  34   0  0  0  0   0  190 190 100   1200 1000 1500  1000 1000    1000   80 150  LEGACY
LNC2 PSL   I G  110 110 110  140 155 165 150  27   0  0  0  0   0  155 155  90    800  700 1100   900  900    1000   70 100  LANCAIR
LNC4 PSL   I G  120 120 120  160 180 190 160  38   0  0  0  0   0  190 190 100   1000 1000 1300  1000 1100    1000  140 250  LANCAIR
M20P PSL   I G  110 110 110  140 155 165 150  30   0  0  0  0   0  160 160  95   1000  900 1300   900  900    1000   70 150  MOONEY
M20T PSL   I G  110 110 110  140 155 165 150  30   0  0  0  0   0  160 160  95   1000  900 1300   900  900    1000   70 230  MOONEY
M4   PSL   I G  100 100  95  100 100 110 100  20   0  0  0  0   0  100 100  90    800  700 1100   900  900    1000   80 120  ROCKET
M7   PSL   I G  105 105 100  110 115 120 120  23   0  0  0  0   0  100 100  90    800  700 1100   900  900    1000   80 120  SUPER_ROCKET
PA24 PSL   I G  110 110 110  130 140 150 130  25   0  0  0  0   0  140 140 100    800  800 1200   900  900    1000   70 160  COMANCHE
P210 PSL   I G  115 115 110  130 135 140 110  28   0  0  0  0   0  140 140  95    900  800 1200   900  900    1100  120 230  CENTURION
PA22 PSL   I G   85  85  85   85  95 105  90  18   0  0  0  0   0  100 100  90    600  600  800   700  700     700   60 100  TRI-PACER
P28A PSL   I G  100 100  95  100 100 110 100  20   0  0  0  0   0  100 100  90    800  700 1100   900  900    1000   80 130  CHEROKEE
P28B PSL   I G  100 100  95  105 110 115 100  22   0  0  0  0   0  110 110  90    800  700 1100   900  900    1000   80 120  DAKOTA
P28R PSL   I G  100 105 105  110 115 120 120  22   0  0  0  0   0  100 100  90    800  700 1100   900  900    1000   80 120  ARROW
P28S PSL   I G  100 105 105  110 115 120 120  22   0  0  0  0   0  100 100  90    800  700 1100   900  900    1000   80 120  ARROW
P28T PSL   I G  100 105 105  110 115 120 120  22   0  0  0  0   0  100 100  90    800  700 1100   900  900    1000   80 120  ARROW
P28U PSL   I G  100 105 105  120 125 130 130  24   0  0  0  0   0  130 130  90    900  800 1200   900  900    1000   80 120  ARROW
PA32 PSL   I G  100 100 100  115 125 135 115  22   0  0  0  0   0  130 130  95    800  800 1200   900  900    1000   70 170  SARATOGA
P32R PSL   I G  110 110 110  130 140 150 130  25   0  0  0  0   0  140 140 100    800  800 1200   900  900    1000   70 140  SARATOGA
P32T PSL   I G  100 100 100  115 125 135 115  22   0  0  0  0   0  130 130  95    800  800 1200   900  900    1000   70 130  LANCE
PA38 PSL   I G   95  95  90  100 100 110 100  20   0  0  0  0   0  100 100  90    700  600 1000   900  900    1000   60 100  TOMAHAWK
PA46 PSL   I G  130 140 140  130 150 170 130  36   0  0  0  0   0  160 160 100   1200 1000 1500  1000 1000    1300  150 250  MIRAGE
P68  PSL   I G  100 100 100  110 120 130 110  22   0  0  0  0   0  110 110  95    800  800 1100   900  900    1000   70 120  PARTENAVIA
RV4  PSL   I G  110 110 110  130 140 150 130  26   0  0  0  0   0  140 140 100    800  700 1200   900  900    1000   70 110  RV
RV6  PSL   I G  110 110 110  130 140 150 130  26   0  0  0  0   0  140 140 100    800  700 1200   900  900    1000   70 150  RV
RV7  PSL   I G  110 110 110  130 140 150 130  26   0  0  0  0   0  140 140 100    800  700 1200   900  900    1000   70 150  RV
RV8  PSL   I G  110 110 110  130 140 150 130  26   0  0  0  0   0  140 140 100    800  700 1200   900  900    1000   70 110  RV
RV9  PSL   I G  110 110 110  130 140 150 130  26   0  0  0  0   0  140 140 100    800  700 1200   900  900    1000   70 120  RV
RV10 PSL   I G  110 110 110  130 140 150 130  26   0  0  0  0   0  140 140 100    800  700 1200   900  900    1000   70 150  RV
RV14 PSL   I G  110 110 110  130 140 150 130  26   0  0  0  0   0  140 140 100    800  700 1200   900  900    1000   70 150  RV
R22  PSL   I G   60  60  60   60  70  80  60  11   0  0  0  0   0   80  80  80    500  500  700   700  700     700   50  80  ROBINSON
SR20 PSL   I G  100 100 100  110 120 130 110  23   0  0  0  0   0  120 120 100    900  800 1200   900  900    1000   70 130  CIRRUS
SR22 PSL  I  G  120 120 120  130 140 150 130  30   0  0  0  0   0  140 140 100   1000  900 1300   900  900    1000   80 180  CIRRUS
S22T PSL   I G  125 125 125  140 150 160 130  35   0  0  0  0   0  150 150 100   1100  900 1200   900  900    1250   80 230  CIRRUS
TB20 PSL   I G  110 110 105  125 130 140 105  22   0  0  0  0   0  130 130  95    800  700 1100   900  900    1000   70 120  TRINIDAD
T206 PSL   I G  110 110 110  120 125 130 110  22   0  0  0  0   0  130 130  95    800  700 1000   900  900    1000   60 190  STATIONAIR
T210 PSL   I G  105 105 100  100 110 120 110  28   0  0  0  0   0  110 110  95    900  800 1200   900  900    1000   80 190  CENTURION
VELO PSL   I G  110 110 110  130 140 150 130  25   0  0  0  0   0  140 140 100    800  800 1200   900  900    1000   70 150  VELOCITY

B212 CML  -- G   80  80  80   80  90 100  85  20   0  0  0  0   0   95  95  85    700  600 1000   900  900    1000   40  80  BELL
B407 CSL  -- G   80  80  80   80  90 100  85  20   0  0  0  0   0   95  95  85    500  600  800   700  700     500   40 100  BELL
EC30 CSL  -- G   50  50  50   50  60  70  70  15   0  0  0  0   0   70  70  70    800  800 1000   900  900     500   40 120  EUROCOPTER
EC35 CML  -- G   95  95  90  100 105 110 100  22   0  0  0  0   0  105 105  70    800  800 1100   900  900     500   70 120  EUROCOPTER
EC45 CML  -- G   95  95  90  100 105 110 100  22   0  0  0  0   0  105 105  70    800  800 1100   900  900     500   70 120  EUROCOPTER