
OnPaint() 3055
OnPaint() 3055 3081 3060 3061 3064
3028 00:53:22
 3029 3036 3037 3032 3033
OnPaint() 3055 3081 3060 3061 3064
3012 00:53:22
 3022 3023 3024 3019 3020 3011 3021 3018
3028 00:53:22
 3029 3036 3037 3032 3033
OnPaint() 3055 3081 3060 3061 3064
3012 00:53:22
 3022 3023 3024 3019 3020 3011 3021 3018
3028 00:53:23
 3029 3036 3037 3032 3033
OnPaint() 3055 3081 3060 3061 3064
3012 00:53:23
 3022 3023 3024 3019 3020 3011 3021 3018
3028 00:53:23
 3029 3036 3037 3032 3033
OnPaint() 3055 3081 3060 3061 3064
3028 00:53:24
 3029 3036 3037 3032 3033
OnPaint() 3055 3081 3060 3061 3064
3012 00:53:24
 3022 3023 3024 3019 3020 3011 3021 3018
3028 00:53:24
 3029 3034
3030 3036 3037 3032 3033
OnPaint() 3055 3081 3060 3061 3064
3028 00:53:25
 3029 3031 3071 3032 3033
OnPaint() 3055 3081 3060 3061 3064
3012 00:53:25
 3022 3023 3024 3019 3020 3011 3021 3018
3028 00:53:25
 3029 3034
3030 3031 3071 3032 3033
OnPaint() 3055 3081 3060 3061 3064
3028 00:53:26
 3029 3031 3071 3032 3033
OnPaint() 3055 3081 3060 3061 3064
3012 00:53:26
 3022 3023 3024 3019 3020 3011 3021 3018
3028 00:53:26
 3029 3031 3071 3032 3033
OnPaint() 3055 3081 3060 3061 3064
3028 00:53:27
 3029 3031 3071 3032 3033
OnPaint() 3055 3081 3060 3061 3064
3012 00:53:27
 3022 3023 3024 3019 3020 3011 3021 3018
3028 00:53:27
 3029 3031 3071 3032 3033
OnPaint() 3055 3081 3060 3061 3064
3028 00:53:28
 3029 3031 3071 3032 3033
OnPaint() 3055 3081 3060 3061 3064
3012 00:53:28
 3022 3023 3024 3019 3020 3011 3021 3018
3028 00:53:28
 3029 3031 3071 3032 3033
OnPaint() 3055 3081 3060 3061 3064
3028 00:53:29
 3029 3031 3071 3032 3033
OnPaint() 3055 3081 3060 3061 3064
3012 00:53:29
 3022 3023 3024 3019 3020 3011 3021 3025 3016 3018
3028 00:53:29
 3029 3031 3071 3032 3033
OnPaint() 3055 3081 3060 3061 3064
3028 00:53:30
 3029 3031 3071 3032 3033
OnPaint() 3055 3081 3060 3061 3064
3012 00:53:30
 3022 3023 3024 3019 3020 3011 3021 3018
3028 00:53:30
 3029 3031 3071 3032 3033
OnPaint() 3055 3081 3060 3061 3064
3028 00:53:31
 3029 3031 3071 3032 3033
OnPaint() 3055 3081 3060 3061 3064
3012 00:53:31
 3022 3023 3024 3019 3020 3011 3021 3018
3028 00:53:31
 3029 3031 3071 3032 3033
OnPaint() 3055 3081 3060 3061 3064
3028 00:53:32
 3029 3031 3071 3032 3033
OnPaint() 3055 3081 3060 3061 3064
3012 00:53:32
 3022 3023 3024 3019 3020 3011 3021 3018
3028 00:53:32
 3029 3031 3071 3032 3033
OnPaint() 3055 3081 3060 3061 3064
3028 00:53:33
 3029 3031 3071 3032 3033
OnPaint() 3055 3081 3060 3061 3064
3012 00:53:33
 3022 3023 3024 3019 3020 3011 3021 3018
3028 00:53:33
 3029 3036 3037 3032 3033
OnPaint() 3055 3081 3060 3061 3064
3028 00:53:34
 3029 3036 3037 3032 3033
OnPaint() 3055 3081 3060 3061 3064
3012 00:53:34
 3022 3023 3024 3019 3020 3011 3021 3018
3028 00:53:34
 3029 3036 3037 3032 3033
OnPaint() 3055 3081 3060 3061 3064
3028 00:53:35
 3029 3036 3037 3032 3033
OnPaint() 3055 3081 3060 3061 3064
3012 00:53:35
 3022 3023 3024 3019 3020 3011 3021 3018
3028 00:53:35
 3029 3036 3037 3032 3033
OnPaint() 3055 3081 3060 3061 3064
3028 00:53:36
 3029 3036 3037 3032 3033
OnPaint() 3055 3081 3060 3061 3064
3012 00:53:36
 3022 3023 3024 3019 3020 3011 3021 3018
3028 00:53:36
 3029 3034
3030 3031 3071 3032 3033
OnPaint() 3055 3081 3060 3061 3064
3028 00:53:37
 3029 3031 3071 3032 3033
OnPaint() 3055 3081 3060 3061 3064
3012 00:53:37
 3022 3023 3024 3019 3020 3011 3021 3018
3028 00:53:37
 3029 3031 3071 3032 3033
OnPaint() 3055 3081 3060 3061 3064
3028 00:53:38
 3029 3031 3071 3032 3033
OnPaint() 3055 3081 3060 3061 3064
3012 00:53:38
 3022 3023 3024 3019 3020 3011 3021 3018
3028 00:53:38
 3029 3031 3071 3032 3033
OnPaint() 3055 3081 3060 3061 3064
3028 00:53:39
 3029 3031 3071 3032 3033
OnPaint() 3055 3081 3060 3061 3064
3012 00:53:39
 3022 3023 3024 3019 3020 3011 3021 3018
3028 00:53:39
 3029 3031 3071 3032 3033
OnPaint() 3055 3081 3060 3061 3064
3028 00:53:40
 3029 3031 3071 3032 3033
OnPaint() 3055 3081 3060 3061 3064
3012 00:53:40
 3022 3023 3024 3019 3020 3011 3021 3018
3028 00:53:40
 3029 3031 3071 3032 3033
OnPaint() 3055 3081 3060 3061 3064
3028 00:53:41
 3029 3031 3071 3032 3033
OnPaint() 3055 3081 3060 3061 3064
3012 00:53:41
 3022 3023 3024 3019 3020 3011 3021 3025 3016 3018
3028 00:53:41
 3029 3031 3071 3032 3033
OnPaint() 3055 3081 3060 3061 3064
3028 00:53:42
 3029 3031 3071 3032 3033
OnPaint() 3055 3081 3060 3061 3064
3012 00:53:42
 3022 3023 3024 3019 3020 3011 3021 3018
3028 00:53:42
 3029 3031 3071 3032 3033
OnPaint() 3055 3081 3060 3061 3064
3028 00:53:43
 3029 3031 3071 3032 3033
OnPaint() 3055 3081 3060 3061 3064
3012 00:53:43
 3022 3023 3024 3019 3020 3011 3021 3018
3028 00:53:43
 3029 3031 3071 3032 3033
OnPaint() 3055 3081 3060 3061 3064
3028 00:53:44
 3029 3031 3071 3032 3033
OnPaint() 3055 3081 3060 3061 3064
3012 00:53:44
 3022 3023 3024 3019 3020 3011 3021 3018
3028 00:53:44
 3029 3031 3071 3032 3033
OnPaint() 3055 3081 3060 3061 3064
3028 00:53:45
 3029 3031 3071 3032 3033
OnPaint() 3055 3081 3060 3061 3064